       1       1       1       1   47.32
       1       1       1       1   43.78
       1       1       1       1   48.12
       1       1       1       1   43.25
       1       1       1       1   46.42
       1       1       1       1   45.16
       1       1       1       1   45.17
       1       1       1       1   42.48
       1       1       1       1   47.70
       1       1       1       1   36.62
       1       1       1       2   39.06
       1       1       1       2   34.59
       1       1       1       2   45.96
       1       1       1       2   41.19
       1       1       1       2   35.81
       1       1       1       2   32.56
       1       1       1       2   40.06
       1       1       1       2   42.09
       1       1       1       2   39.30
       1       1       1       2   40.37
       1       1       1       3   41.92
       1       1       1       3   40.90
       1       1       1       3   38.43
       1       1       1       3   34.09
       1       1       1       3   38.81
       1       1       1       3   40.00
       1       1       1       3   38.90
       1       1       1       3   40.38
       1       1       1       3   32.98
       1       1       1       3   35.59
       1       1       1       4   44.00
       1       1       1       4   34.85
       1       1       1       4   33.41
       1       1       1       4   30.56
       1       1       1       4   37.94
       1       1       1       4   29.38
       1       1       1       4   37.03
       1       1       1       4   34.00
       1       1       1       4   35.40
       1       1       1       4   33.44
       1       1       1       5   33.04
       1       1       1       5   33.55
       1       1       1       5   35.91
       1       1       1       5   36.81
       1       1       1       5   32.04
       1       1       1       5   32.30
       1       1       1       5   29.93
       1       1       1       5   28.43
       1       1       1       5   35.34
       1       1       1       5   30.64
       2       1       2       1   44.60
       2       1       2       1   45.66
       2       1       2       1   46.37
       2       1       2       1   48.11
       2       1       2       1   48.47
       2       1       2       1   45.91
       2       1       2       1   47.91
       2       1       2       1   48.25
       2       1       2       1   47.26
       2       1       2       1   47.47
       2       1       2       2   41.07
       2       1       2       2   42.55
       2       1       2       2   41.27
       2       1       2       2   47.52
       2       1       2       2   46.00
       2       1       2       2   46.99
       2       1       2       2   49.12
       2       1       2       2   41.27
       2       1       2       2   43.80
       2       1       2       2   44.39
       2       1       2       3   39.71
       2       1       2       3   44.35
       2       1       2       3   46.73
       2       1       2       3   45.18
       2       1       2       3   47.79
       2       1       2       3   43.93
       2       1       2       3   47.77
       2       1       2       3   39.34
       2       1       2       3   49.65
       2       1       2       3   46.55
       2       1       2       4   44.76
       2       1       2       4   48.70
       2       1       2       4   47.95
       2       1       2       4   51.20
       2       1       2       4   46.21
       2       1       2       4   42.05
       2       1       2       4   48.06
       2       1       2       4   47.26
       2       1       2       4   48.97
       2       1       2       4   46.85
       2       1       2       5   48.35
       2       1       2       5   49.71
       2       1       2       5   49.64
       2       1       2       5   46.65
       2       1       2       5   49.31
       2       1       2       5   47.49
       2       1       2       5   49.37
       2       1       2       5   46.85
       2       1       2       5   45.77
       2       1       2       5   47.87
       3       2       1       6   37.49
       3       2       1       6   38.75
       3       2       1       6   40.45
       3       2       1       6   41.05
       3       2       1       6   40.04
       3       2       1       6   36.63
       3       2       1       6   39.80
       3       2       1       6   41.24
       3       2       1       6   38.72
       3       2       1       6   38.82
       3       2       1       7   34.30
       3       2       1       7   43.52
       3       2       1       7   41.40
       3       2       1       7   36.32
       3       2       1       7   39.50
       3       2       1       7   36.19
       3       2       1       7   39.13
       3       2       1       7   42.18
       3       2       1       7   34.61
       3       2       1       7   43.86
       3       2       1       8   37.21
       3       2       1       8   35.08
       3       2       1       8   40.47
       3       2       1       8   34.01
       3       2       1       8   36.32
       3       2       1       8   41.36
       3       2       1       8   37.44
       3       2       1       8   39.93
       3       2       1       8   42.86
       3       2       1       8   36.31
       3       2       1       9   42.28
       3       2       1       9   33.24
       3       2       1       9   39.01
       3       2       1       9   42.16
       3       2       1       9   39.66
       3       2       1       9   36.54
       3       2       1       9   37.82
       3       2       1       9   38.60
       3       2       1       9   34.27
       3       2       1       9   36.43
       3       2       1      10   37.85
       3       2       1      10   36.79
       3       2       1      10   38.88
       3       2       1      10   35.66
       3       2       1      10   37.97
       3       2       1      10   34.88
       3       2       1      10   36.80
       3       2       1      10   36.22
       3       2       1      10   38.47
       3       2       1      10   33.46
       3       2       1      11   36.14
       3       2       1      11   34.26
       3       2       1      11   35.01
       3       2       1      11   33.23
       3       2       1      11   39.32
       3       2       1      11   40.35
       3       2       1      11   32.61
       3       2       1      11   37.10
       3       2       1      11   32.73
       3       2       1      11   34.26
       3       2       1      12   33.79
       3       2       1      12   35.68
       3       2       1      12   34.15
       3       2       1      12   33.57
       3       2       1      12   35.74
       3       2       1      12   34.46
       3       2       1      12   39.01
       3       2       1      12   34.36
       3       2       1      12   35.88
       3       2       1      12   34.38
       4       2       2       6   32.79
       4       2       2       6   35.03
       4       2       2       6   32.83
       4       2       2       6   31.78
       4       2       2       6   35.54
       4       2       2       6   33.69
       4       2       2       6   36.92
       4       2       2       6   33.57
       4       2       2       6   30.83
       4       2       2       6   34.02
       4       2       2       7   50.74
       4       2       2       7   39.39
       4       2       2       7   44.21
       4       2       2       7   50.82
       4       2       2       7   37.49
       4       2       2       7   48.98
       4       2       2       7   39.87
       4       2       2       7   36.51
       4       2       2       7   48.27
       4       2       2       7   44.71
       4       2       2       8   45.19
       4       2       2       8   35.54
       4       2       2       8   41.50
       4       2       2       8   52.54
       4       2       2       8   36.10
       4       2       2       8   39.59
       4       2       2       8   44.50
       4       2       2       8   34.54
       4       2       2       8   31.18
       4       2       2       8   29.32
       4       2       2       9   35.69
       4       2       2       9   32.97
       4       2       2       9   36.10
       4       2       2       9   33.44
       4       2       2       9   32.08
       4       2       2       9   34.83
       4       2       2       9   37.60
       4       2       2       9   32.12
       4       2       2       9   35.39
       4       2       2       9   31.78
       4       2       2      10   40.25
       4       2       2      10   40.07
       4       2       2      10   40.10
       4       2       2      10   38.27
       4       2       2      10   40.11
       4       2       2      10   38.32
       4       2       2      10   39.07
       4       2       2      10   41.06
       4       2       2      10   38.56
       4       2       2      10   37.19
       4       2       2      11   35.53
       4       2       2      11   33.85
       4       2       2      11   32.98
       4       2       2      11   29.24
       4       2       2      11   31.87
       4       2       2      11   31.86
       4       2       2      11   32.24
       4       2       2      11   33.11
       4       2       2      11   32.05
       4       2       2      11   34.27
       4       2       2      12   39.82
       4       2       2      12   38.06
       4       2       2      12   39.13
       4       2       2      12   33.11
       4       2       2      12   36.85
       4       2       2      12   35.64
       4       2       2      12   39.09
       4       2       2      12   39.85
       4       2       2      12   34.87
       4       2       2      12   38.57